image_width: 640
image_height: 480
camera_name: narrow_stereo
camera_matrix:
  rows: 3
  cols: 3
  data: [588.082932, 0.000000, 290.204302, 0.000000, 583.787791, 243.124439, 0.000000, 0.000000, 1.000000]
distortion_model: plumb_bob
distortion_coefficients:
  rows: 1
  cols: 5
  data: [0.032697, -0.035079, 0.004953, -0.021082, 0.000000]
rectification_matrix:
  rows: 3
  cols: 3
  data: [1.000000, 0.000000, 0.000000, 0.000000, 1.000000, 0.000000, 0.000000, 0.000000, 1.000000]
projection_matrix:
  rows: 3
  cols: 4
  data: [590.099548, 0.000000, 277.897732, 0.000000, 0.000000, 599.568665, 245.132388, 0.000000, 0.000000, 0.000000, 1.000000, 0.000000]
