# oST version 5.0 parameters


[image]

width
1920

height
1080

[narrow_stereo]

camera matrix
1344.143840 0.000000 922.850484
0.000000 1341.387107 539.076754
0.000000 0.000000 1.000000

distortion
0.044441 -0.082708 -0.000751 -0.009353 0.000000

rectification
1.000000 0.000000 0.000000
0.000000 1.000000 0.000000
0.000000 0.000000 1.000000

projection
1341.517944 0.000000 901.168289 0.000000
0.000000 1359.801758 538.339047 0.000000
0.000000 0.000000 1.000000 0.000000

