# oST version 5.0 parameters


[image]

width
640

height
480

[narrow_stereo]

camera matrix
588.082932 0.000000 290.204302
0.000000 583.787791 243.124439
0.000000 0.000000 1.000000

distortion
0.032697 -0.035079 0.004953 -0.021082 0.000000

rectification
1.000000 0.000000 0.000000
0.000000 1.000000 0.000000
0.000000 0.000000 1.000000

projection
590.099548 0.000000 277.897732 0.000000
0.000000 599.568665 245.132388 0.000000
0.000000 0.000000 1.000000 0.000000

