image_width: 1920
image_height: 1080
camera_name: narrow_stereo
camera_matrix:
  rows: 3
  cols: 3
  data: [1344.143840, 0.000000, 922.850484, 0.000000, 1341.387107, 539.076754, 0.000000, 0.000000, 1.000000]
distortion_model: plumb_bob
distortion_coefficients:
  rows: 1
  cols: 5
  data: [0.044441, -0.082708, -0.000751, -0.009353, 0.000000]
rectification_matrix:
  rows: 3
  cols: 3
  data: [1.000000, 0.000000, 0.000000, 0.000000, 1.000000, 0.000000, 0.000000, 0.000000, 1.000000]
projection_matrix:
  rows: 3
  cols: 4
  data: [1341.517944, 0.000000, 901.168289, 0.000000, 0.000000, 1359.801758, 538.339047, 0.000000, 0.000000, 0.000000, 1.000000, 0.000000]
