image_width: 1920
image_height: 1080
camera_name: narrow_stereo
camera_matrix:
  rows: 3
  cols: 3
  data: [1339.301052, 0.000000, 951.460441, 0.000000, 1342.002262, 553.434503, 0.000000, 0.000000, 1.000000]
distortion_model: plumb_bob
distortion_coefficients:
  rows: 1
  cols: 5
  data: [0.070907, -0.151649, 0.004289, -0.001796, 0.000000]
rectification_matrix:
  rows: 3
  cols: 3
  data: [1.000000, 0.000000, 0.000000, 0.000000, 1.000000, 0.000000, 0.000000, 0.000000, 1.000000]
projection_matrix:
  rows: 3
  cols: 4
  data: [1333.869019, 0.000000, 946.453869, 0.000000, 0.000000, 1354.333618, 556.783180, 0.000000, 0.000000, 0.000000, 1.000000, 0.000000]
