# oST version 5.0 parameters


[image]

width
1920

height
1080

[narrow_stereo]

camera matrix
1339.301052 0.000000 951.460441
0.000000 1342.002262 553.434503
0.000000 0.000000 1.000000

distortion
0.070907 -0.151649 0.004289 -0.001796 0.000000

rectification
1.000000 0.000000 0.000000
0.000000 1.000000 0.000000
0.000000 0.000000 1.000000

projection
1333.869019 0.000000 946.453869 0.000000
0.000000 1354.333618 556.783180 0.000000
0.000000 0.000000 1.000000 0.000000

